256	256
14
96	98	162	98	4	2
30	246	162	246	7	0
30	33	96	33	0	2
30	33	30	215	2	0
162	33	162	50	0	7
96	33	162	33	0	7
96	33	96	50	7	2
162	50	162	98	0	4
162	98	162	215	0	2
162	215	162	246	0	7
96	50	162	50	7	4
30	215	162	215	2	7
96	50	96	98	4	2
30	215	30	246	7	0
96	75	96	96	door	1	1
57	215	133	215	door	1	1
64	35	94	57	entrance	1	1
32	50	47	90	cooking_counter	1	1
121	52	137	67	washing_basin	1	1
139	52	155	66	bathtub	1	1
138	89	155	95	bathtub	1	1
102	52	116	75	toilet	1	1
137	220	156	236	washing_basin	1	1