256	256
20
64	244	146	244	3	0
9	128	64	128	1	0
9	9	125	9	0	1
94	104	146	104	1	4
9	9	9	128	1	0
94	104	94	128	4	1
146	9	146	30	0	7
125	9	146	9	0	7
64	128	94	128	1	8
125	9	125	30	7	1
64	128	64	166	8	0
146	30	146	104	0	1
146	104	146	157	0	4
94	128	94	157	4	8
146	157	146	244	0	3
94	157	146	157	4	3
64	166	94	166	8	3
125	30	146	30	7	1
94	157	94	166	3	8
64	166	64	244	3	0
125	13	125	27	door	1	1
94	133	94	152	door	1	1
64	138	64	155	door	1	1
35	9	67	9	door	1	1
91	9	123	9	door	1	1
70	128	91	128	door	1	1
72	166	90	166	door	1	1
80	244	109	244	door	1	1
98	108	141	125	bathtub	1	1
12	76	29	103	cooking_counter	1	1
120	142	128	153	washing_basin	1	1
