256	256
48
2	226	13	226	3	0
13	238	63	238	7	0
114	251	188	251	7	0
200	28	200	77	0	4
51	101	51	127	3	6
76	28	150	28	0	2
150	28	186	28	0	4
186	28	200	28	0	4
26	101	51	101	3	6
100	151	150	151	2	3
13	226	63	226	3	7
114	226	188	226	3	7
188	226	200	226	3	0
63	226	76	226	3	0
2	28	76	28	0	3
76	28	76	127	2	3
150	28	150	77	4	2
186	28	186	77	4	4
26	101	26	127	6	6
100	151	100	176	3	6
13	226	13	238	7	0
114	226	114	251	7	0
188	226	188	251	0	7
63	226	63	238	0	7
2	28	2	101	3	0
200	77	200	126	0	4
76	127	76	151	2	3
200	126	200	151	0	4
200	151	200	226	0	3
100	176	100	226	3	6
186	77	200	77	4	4
26	127	51	127	6	3
51	127	76	127	3	3
150	151	200	151	4	3
100	226	114	226	3	0
76	226	100	226	6	0
150	77	186	77	4	4
2	101	26	101	3	6
2	127	26	127	6	3
150	126	200	126	4	4
76	151	100	151	2	6
76	176	100	176	6	6
150	77	150	126	4	2
2	101	2	127	6	0
2	127	2	226	3	0
150	126	150	151	4	2
76	151	76	176	6	3
76	176	76	226	6	3
76	102	76	124	door	1	1
76	129	76	149	door	1	1
151	77	174	77	door	1	1
29	127	49	127	door	1	1
103	151	148	151	door	1	1
124	226	174	226	door	1	1
15	226	61	226	door	1	1
150	88	150	115	door	1	1
5	101	23	101	door	1	1
154	126	174	126	door	1	1
100	153	100	174	door	1	1
76	180	76	223	door	1	1
138	79	147	89	washing_basin	1	1
185	80	196	101	washing_basin	1	1
187	110	197	122	washing_basin	1	1
152	29	186	52	bathtub	1	1
138	30	146	77	cooking_counter	1	1
177	133	196	145	toilet	1	1
78	29	100	51	entrance	1	1
189	30	198	76	special	1	1